123456
0
00000000000000022222222222222222222222222222200000000000000000000000000000000000
00000000000000211111111111111111111111111111122200000000000000000000000000000000
00000000000000211111112222222222222222222221111200000022222000000000000000000000
00000000000000021111112222222000000000000021111200000021112000000000000000000000
00000002222222221111111111111200000000000021111200000211112000000000000000000000
00000021111111221111112222221200000000000022222200000211112000000000000000000000
00000021222111221111112000021200000000000000000000000211112000000000000000000000
00000021202111221111112000021200000000000000000000000211112000000000000000000000
00022221221111211111112000021222222222222222222222222211112000000000000000000000
00021111221111211222222222221111111111111111111111111111112000000000000000000000
00021111221111211111111111111111111222211111111111111111112000000000000000000000
00021111221211111122222222222111111111212222222222222222112000000000000000000000
00211111221222221120000000002211112221212000000000000000212000000000000000000000
00212221221200021120000000000212222221212000000000000000212002222222200000000000
00212021221200021120000000000211111111212222000000000000242021111111122200000000
00212021221200021120000000000211111111211112222200000000212021222111111200000000
00212021221200021120000000000211111111211111111122220000212021202111111200000000
00212021221200021120022222222222222222211111211111122222212021221111111200000000
00212021221200021122211111111111111111111111111111111111212221221111111200000000
00212221111200021111111122222222222222111112111111122221111111221111111120000000
00212211112000021211111122222222222222211112111111120021111111221111111120000000
00212211112000021211111111111111111111111122111111120021111111221111111420000000
00212211112000021222222222222222222222222202122222222221111111221111111120000000
00212211112000021222222222222222222222222222111111111111111111221222222120000000
00212211112222221111111111111111111111111111111111111111111112221200002120000000
00212211111111111111111111111111141111111111111111111111111111111200002120000000
00211111112222222222222222222222222222222222222222222222222222222222222120000000
00022222231111111111111111111111111111111111111111111111111111111111111120000000
00000000022222222222222222222222222222222222222222222222222222222222222200000000
00000000000000000000000000000000000000000000000000000000000000000000000000000000
